----Xiao----
Ly
/giveart 76514 15012 501204 501224,5 501064 501244 21
Lông
/giveart 76524 10003 501204 501224,5 501064 501244 21
Mũ
/giveart 76534 13008 501204,5 501064 501234 501244 21
Hoa
/giveart 75544 10001 501204 501224,5 501064 501244 21
Đồng hồ
/giveart 75554 10004 501204 501224,5 501064 501244 21

----Ayato----
Ly
/giveart 23611 15011 501204 501224,5 501064 501244 21
Lông
/giveart 23612 10003 501204 501224,5 501064 501244 21
Mũ
/giveart 23613 13008 501204,5 501064 501234 501244 21
Hoa
/giveart 23614 10001 501204 501224,5 501064 501244 21
Đồng hồ
/giveart 23615 10004 501204 501224,5 501064 501244 21

----Ayaka----
Ly
/giveart 71514 15010 501204 501224,5 501064 501244 21
Lông
/giveart 71524 10003 501204 501224,5 501064 501244 21
Mũ
/giveart 71534 13008 501204,5 501064 501234 501244 21
Hoa
/giveart 71544 10001 501204 501224,5 501064 501244 21
Đồng hồ
/giveart 71554 10004 501204 501224,5 501064 501244 21

----Diluc----
Ly
/giveart 80514 15008 501204 501224,5 501064 501244 21
Lông
/giveart 80524 10003 501204 501224,5 501064 501244 21
Mũ
/giveart 80534 13008 501204,5 501064 501234 501244 21
Hoa
/giveart 80544 10001 501204 501224,5 501064 501244 21
Đồng hồ
/giveart 80554 10004 501204 501224,5 501064 501244 21

----Raiden----
Ly (Option 1) Lôi
/giveart 24801 15009 501204 501224,5 501064 501244 21
Ly (Option 2) Atk%
/giveart 24801 10004 501204 501224,5 501064 501244 21
Lông
/giveart 24802 10003 501204 501224,5 501064 501244 21
Mũ
/giveart 24803 13008 501204,5 501064 501234 501244 21
Hoa
/giveart 24804 10001 501204 501224 501064 501234,5 21
Đồng hồ
/giveart 24805 10007 501204 501224,5 501064 501244 21

----Bennett---- (Thuần support full HP, Nạp)
Ly
/giveart 81514 10002 501024 501234,5 501064 501244 21
Lông
/giveart 81524 10003 501204,5 501034 501064 501234 21
Mũ
/giveart 81534 10002 501204,5 501094 501234 501244 21
Hoa
/giveart 81544 10001 501204 501224,5 501064 501244 21
Đồng hồ
/giveart 81554 10007 501204 501224 501034,5 501244 21

----Bennett---- (Dps Hỏa thần)
Ly
/giveart 81514 15008 501204 501224,5 501064 501244 21
Lông
/giveart 80524 10003 501204 501224,5 501064 501244 21
Mũ
/giveart 80534 13008 501204,5 501064 501234 501244 21
Hoa
/giveart 80544 10001 501204 501224,5 501064 501244 21
Đồng hồ
/giveart 81554 10004 501204 501224,5 501064 501244 21

----Childe----
Ly
/giveart 90514 15011 501204 501224,5 501064 501244 21
Lông
/giveart 90524 10003 501204 501224,5 501064 501244 21
Mũ
/giveart 90534 13008 501204,5 501064 501234 501244 21
Hoa
/giveart 90544 10001 501204 501224,5 501064 501244 21
Đồng hồ
/giveart 90554 10004 501204 501224,5 501064 501244 21

----Venti & Kazuha & Sucrose----
Ly (Option 1) Phong
/giveart 76514 15012 501204 501224 501064 501244,5 21
Ly (Option 2) Tinh thông
/giveart 76514 10008 501204,5 501224 501064 501244 21
Lông
/giveart 76524 10003 501204 501224 501064 501244,5 21
Mũ
/giveart 76534 10008 501204,5 501064 501234 501224 21
Hoa
/giveart 76544 10001 501204 501224 501064 501244,5 21
Đồng hồ
/giveart 76554 10008 501204,5 501224 501064 501244 21

----Itto----
Ly
/giveart 24821 15013 501094,2 501204 501224,3 501244 21
Lông
/giveart 24822 10003 501094 501204 501224,5 501244 21
Mũ
/giveart 24823 13008 501094,2 501204,3 501064 501244 21
Hoa
/giveart 24824 10001 501094,2 501204,3 501064 501244 21
Đồng hồ
/giveart 24825 13006 501204 501224,5 501064 501244 21

----Hutao---- (Ma nữ)
Ly
/giveart 80514 15008 501204 501224,5 501064 501244 21
Lông
/giveart 80524 10003 501204 501224,5 501064 501244 21
Mũ
/giveart 80534 13008 501204,5 501064 501234 501244 21
Hoa
/giveart 80544 10001 501204 501224,5 501064 501244 21
Đồng hồ
/giveart 80554 10004 501204,5 501224 501064 501244 21

----Hutao---- (Hồi ức)
Ly
/giveart 24191 15008 501204 501224,5 501064 501244 21
Lông
/giveart 24192 10003 501204 501224,5 501064 501244 21
Mũ
/giveart 24193 13008 501204,5 501064 501234 501244 21
Hoa
/giveart 24194 10001 501204 501224,5 501064 501244 21
Đồng hồ
/giveart 24195 10004 501204,5 501224 501064 501244 21

----Eula----
Ly
/giveart 92514 15015 501204 501224,5 501064 501244 21
Lông
/giveart 92524 10003 501204 501224,5 501064 501244 21
Mũ
/giveart 92534 13008 501204,5 501064 501234 501244 21
Hoa
/giveart 92544 10001 501204 501224,5 501064 501244 21
Đồng hồ
/giveart 92554 10004 501204 501224,5 501064 501244 21

----Zhongli (nuke)----
Ly
/giveart 81514 15013 501204 501224,5 501064 501244 21
Lông
/giveart 88524 10003 501204 501224,5 501064 501244 21
Mũ
/giveart 88534 13008 501204,5 501064 501234 501244 21
Hoa
/giveart 88544 10001 501204 501224,5 501064 501244 21
Đồng hồ
/giveart 81554 10004 501204,5 501224 501064 501244 21

----Zhongli (support)----
Ly
/giveart 91514 10002 501024 501234,5 501064 501244 21
Lông
/giveart 91524 10003 501204,5 501034 501064 501234 21
Mũ
/giveart 91534 10002 501204,5 501094 501234 501244 21
Hoa
/giveart 91544 10001 501204 501224,5 501064 501244 21
Đồng hồ
/giveart 91554 10002 501204 501224 501034,5 501244 21

----Ganyu----
Ly
/giveart 77514 15010 501204 501224,5 501064 501244 21
Lông
/giveart 77524 10003 501204 501224,5 501064 501244 21
Mũ
/giveart 77534 13008 501204,5 501064 501234 501244 21
Hoa
/giveart 77544 10001 501204 501224,5 501064 501244 21
Đồng hồ
/giveart 77554 10004 501204 501224,5 501064 501244 21

----Xingqiu---- (Sub dps)
Ly
/giveart 81514 15011 501204 501224,5 501064 501244 21
Lông
/giveart 90524 10003 501204 501224,5 501064 501244 21
Mũ
/giveart 90534 13008 501204,5 501064 501234 501244 21
Hoa
/giveart 90544 10001 501204 501224,5 501064 501244 21
Đồng hồ
/giveart 81554 10004 501204,5 501224 501064 501244 21

----Xingqiu---- (Sunfire) + Jean & Bennett
Ly
/giveart 73514 15011 501204 501224,5 501064 501244 21
Lông
/giveart 73524 10003 501204 501224,5 501064 501244 21
Mũ
/giveart 73534 13008 501204,5 501064 501234 501244 21
Hoa
/giveart 73544 10001 501204 501224,5 501064 501244 21
Đồng hồ
/giveart 73554 10004 501204,5 501224 501064 501244 21

----Diona----
Ly
/giveart 91514 10002 501024 501234,5 501064 501244 21
Lông
/giveart 91524 10003 501204,5 501034 501064 501234 21
Mũ
/giveart 91534 10002 501204,5 501094 501234 501244 21
Hoa
/giveart 91544 10001 501204 501224,5 501064 501244 21
Đồng hồ
/giveart 91554 10002 501204 501224 501034,5 501244 21

----Jean----
Ly
/giveart 76514 10004 501204,5 501224 501234 501244 21
Lông
/giveart 76524 10003 501204 501224 501064,5 501244 21
Mũ
/giveart 76534 10004 501204,5 501224 501234 501244 21
Hoa
/giveart 76544 10001 501204 501224 501064,5 501244 21
Đồng hồ
/giveart 76554 10004 501204,5 501224 501234 501244 21

----Jean---- (Sunfire)
Ly (Option 1) Phong
/giveart 76514 15012 501204 501224 501064 501244,5 21
Ly (Option 2) Tinh thông
/giveart 76514 10008 501204,5 501224 501064 501244 21
Lông
/giveart 76524 10003 501204 501224 501064 501244,5 21
Mũ
/giveart 76534 10008 501204,5 501064 501234 501224 21
Hoa
/giveart 76544 10001 501204 501224 501064 501244,5 21
Đồng hồ
/giveart 76554 10008 501204,5 501224 501064 501244 21

----XiangLing---- (Ma nữ)
Ly
/giveart 81514 15008 501204 501224,5 501064 501244 21
Lông
/giveart 80524 10003 501204 501224,5 501064 501244 21
Mũ
/giveart 80534 13008 501204,5 501064 501234 501244 21
Hoa
/giveart 80544 10001 501204 501224,5 501064 501244 21
Đồng hồ
/giveart 81554 10004 501204 501224,5 501064 501244 21

----XiangLing---- (Dấu ấn)
Ly
/giveart 24801 15008 501204 501224,5 501064 501244 21
Lông
/giveart 24802 10003 501204 501224,5 501064 501244 21
Mũ
/giveart 24803 13008 501204,5 501064 501234 501244 21
Hoa
/giveart 24804 10001 501204 501224 501064 501234,5 21
Đồng hồ
/giveart 24805 10007 501204 501224,5 501064 501244 21

----Kokomi (Healer)----
Ly
/giveart 96514 10002 501024 501234,5 501064 501244 21
Lông
/giveart 96524 10003 501204,5 501034 501064 501234 21
Mũ
/giveart 96534 10002 501204,5 501094 501234 501244 21
Hoa
/giveart 96544 10001 501204 501224,5 501064 501244 21
Đồng hồ
/giveart 96554 10002 501204 501224 501034,5 501244 21

----Kokomi (DPS)----
Ly
/giveart 90514 15011 501204,5 501224 501064 501244 21
Lông
/giveart 90524 10003 501204,5 501224 501064 501244 21
Mũ
/giveart 90534 13007 501234 501064 501224,5 501244 21
Hoa
/giveart 90544 10001 501204,5 501224 501064 501244 21
Đồng hồ
/giveart 90554 10004 501204,5 501224 501064 501244 21

----Klee (Ma nữ)----
Ly
/giveart 80514 15008 501204 501224,5 501064 501244 21
Lông
/giveart 80524 10003 501204 501224,5 501064 501244 21
Mũ
/giveart 80534 13008 501204,5 501064 501234 501244 21
Hoa
/giveart 80544 10001 501204 501224,5 501064 501244 21
Đồng hồ
/giveart 80554 10004 501204 501224,5 501064 501244 21

----Kujou Sara---- (Support)
Ly (Option 1) Lôi
/giveart 24801 15009 501204 501224,5 501064 501244 21
Ly (Option 2) Atk%
/giveart 24801 10004 501204 501224,5 501064 501244 21
Lông
/giveart 24802 10003 501204 501224,5 501064 501244 21
Mũ
/giveart 24803 13008 501204,5 501064 501234 501244 21
Hoa
/giveart 24804 10001 501204 501224 501064 501234,5 21
Đồng hồ
/giveart 24805 10007 501204 501224,5 501064 501244 21

----Kujou Sara---- (Nuke)
Ly
/giveart 81514 15009 501204 501224,5 501064 501244 21
Lông
/giveart 79524 10003 501204 501224,5 501064 501244 21
Mũ
/giveart 79534 13008 501204,5 501064 501234 501244 21
Hoa
/giveart 79544 10001 501204 501224,5 501064 501244 21
Đồng hồ
/giveart 81554 10004 501204 501224,5 501064 501244 21

----Yae Miko----
Ly (Option 1) Lôi
/giveart 24801 15009 501204 501224,5 501064 501244 21
Ly (Option 2) Atk%
/giveart 24801 10004 501204 501224,5 501064 501244 21
Lông
/giveart 24802 10003 501204 501224,5 501064 501244 21
Mũ
/giveart 24803 13008 501204,5 501064 501234 501244 21
Hoa
/giveart 24804 10001 501204 501224 501064 501234,5 21
Đồng hồ
/giveart 24805 10007 501204 501224,5 501064 501244 21

----Albedo (Sub)----
Ly
/giveart 24821 15013 501094,2 501204 501224,3 501244 21
Lông
/giveart 24822 10003 501094 501204 501224,5 501244 21
Mũ
/giveart 24823 13006 501224,2 501204,3 501064 501244 21
Hoa
/giveart 24824 10001 501094,2 501204,3 501064 501244 21
Đồng hồ
/giveart 24825 13006 501204 501224,5 501064 501244 21

----Albedo (DPS)---- (Bàn Nham)
Ly
/giveart 81514 15013 501204 501224,5 501064 501244 21
Lông
/giveart 88524 10003 501204 501224,5 501064 501244 21
Mũ
/giveart 88534 13008 501204,5 501064 501234 501244 21
Hoa
/giveart 88544 10001 501204 501224,5 501064 501244 21
Đồng hồ
/giveart 81554 10004 501204 501224,5 501064 501244 21

----Gorou & Yunjin----
Ly
/giveart 24821 13006 501234 501204,5 501224 501244 21
Lông
/giveart 24822 10003 501094,5 501204 501224 501244 21
Mũ
/giveart 24823 13006 501224 501204,5 501064 501244 21
Hoa
/giveart 24824 10001 501094,2 501204,3 501064 501244 21
Đồng hồ
/giveart 24825 13006 501204,5 501224 501064 501244 21

----Yoimiya----
Ly
/giveart 24191 15008 501204 501224,5 501064 501244 21
Lông
/giveart 24192 10003 501204 501224,5 501064 501244 21
Mũ
/giveart 24193 13008 501204,5 501064 501234 501244 21
Hoa
/giveart 24194 10001 501204 501224,5 501064 501244 21
Đồng hồ
/giveart 24195 10004 501204,5 501224 501064 501244 21

----Fischl & Beidou----
Ly (Option 1) Lôi
/giveart 24801 15009 501204 501224,5 501064 501244 21
Ly (Option 2) Atk%
/giveart 24801 10004 501204 501224,5 501064 501244 21
Lông
/giveart 24802 10003 501204 501224,5 501064 501244 21
Mũ
/giveart 24803 13008 501204,5 501064 501234 501244 21
Hoa
/giveart 24804 10001 501204 501224 501064 501234,5 21
Đồng hồ
/giveart 24805 10007 501204 501224,5 501064 501244 21

----Shenhe----
Ly
/giveart 81514 10004 501204,5 501224 501234 501244 21
Lông
/giveart 81524 10003 501204 501224 501064,5 501244 21
Mũ
/giveart 81534 10004 501204,5 501224 501234 501244 21
Hoa
/giveart 81544 10001 501204 501224 501064,5 501244 21
Đồng hồ
/giveart 81554 10004 501204,5 501224 501234 501244 21

----Ningguang----
Ly
/giveart 75514 15013 501204 501224,5 501064 501244 21
Lông
/giveart 88524 10003 501204 501224,5 501064 501244 21
Mũ
/giveart 88534 13008 501204,5 501064 501234 501244 21
Hoa
/giveart 88544 10001 501204 501224,5 501064 501244 21
Đồng hồ
/giveart 75554 10004 501204,5 501224 501064 501244 21

----Rosaria & Chongyun----
Ly
/giveart 81514 15010 501204 501224,5 501064 501244 21
Lông
/giveart 71524 10003 501204 501224,5 501064 501244 21
Mũ
/giveart 71534 13008 501204,5 501064 501234 501244 21
Hoa
/giveart 71544 10001 501204 501224,5 501064 501244 21
Đồng hồ
/giveart 81554 10004 501204 501224,5 501064 501244 21

----Thoma----
Ly
/giveart 91514 10002 501024 501234,5 501064 501244 21
Lông
/giveart 91524 10003 501204,5 501034 501064 501234 21
Mũ
/giveart 91534 10002 501204,5 501094 501234 501244 21
Hoa
/giveart 91544 10001 501204 501224,5 501064 501244 21
Đồng hồ
/giveart 91554 10002 501204 501224 501034,5 501244 21

----Keqing----
Ly
/giveart 79514 15009 501204 501224,5 501064 501244 21
Lông
/giveart 79524 10003 501204 501224,5 501064 501244 21
Mũ
/giveart 79534 13008 501204,5 501064 501234 501244 21
Hoa
/giveart 79544 10001 501204 501224,5 501064 501244 21
Đồng hồ
/giveart 79554 10004 501204 501224,5 501064 501244 21

----Mona---- (Sub)
Ly
/giveart 24801 15011 501204 501224,5 501064 501244 21
Lông
/giveart 24802 10003 501204 501224,5 501064 501244 21
Mũ
/giveart 24803 13008 501204,5 501064 501234 501244 21
Hoa
/giveart 24804 10001 501204 501224 501064 501234,5 21
Đồng hồ
/giveart 24805 10007 501204 501224,5 501064 501244 21

----Mona---- (Nuke)
Ly
/giveart 81514 15011 501204 501224,5 501064 501244 21
Lông
/giveart 90524 10003 501204 501224,5 501064 501244 21
Mũ
/giveart 90534 13008 501204,5 501064 501234 501244 21
Hoa
/giveart 90544 10001 501204 501224,5 501064 501244 21
Đồng hồ
/giveart 81554 10004 501204,5 501224 501064 501244 21
